# 0
0100
1110
0100
0000
0000
0000
0000
0000
# 1
1000
1100
0000
0000
0000
0100
0100
0000
# 2
1000
1100
0100
0000
0000
0000
0100
0000
# 3
0000
1000
1100
0000
0000
0000
0100
0000
# 4
1000
1100
0100
0000
0000
0100
0000
0000
# 5
0100
1100
0100
0000
0000
0100
0000
0000
# 6
1100
0110
0010
0000
0000
0000
0000
0000
# 7
0100
0100
1100
0000
0000
0000
1000
0000
# 8
0100
1100
0100
0000
0000
0000
0100
0000
# 9
0100
0100
1100
0000
0000
0000
0100
0000
# 10
0100
1100
0100
0000
0000
1000
0000
0000
# 11
1100
0100
0100
0000
0000
0000
0100
0000
# 12
1100
0110
0100
0000
0000
0000
0000
0000
